CONV NORM
0.00482 0.00909 0.01328 0.01507 0.01328 0.00909 0.00482
0.00909 0.01711 0.02501 0.02839 0.02501 0.01711 0.00909
0.01328 0.02501 0.03657 0.04150 0.03657 0.02501 0.01328
0.01507 0.02839 0.04150 0.04710 0.04150 0.02839 0.01507
0.01328 0.02501 0.03657 0.04150 0.03657 0.02501 0.01328
0.00909 0.01711 0.02501 0.02839 0.02501 0.01711 0.00909
0.00482 0.00909 0.01328 0.01507 0.01328 0.00909 0.00482
