CONV NORM
0.00407 0.00819 0.01246 0.01433 0.01246 0.00819 0.00407
0.00819 0.01649 0.02509 0.02887 0.02509 0.01649 0.00819
0.01246 0.02509 0.03819 0.04393 0.03819 0.02509 0.01246
0.01433 0.02887 0.04393 0.05054 0.04393 0.02887 0.01433
0.01246 0.02509 0.03819 0.04393 0.03819 0.02509 0.01246
0.00819 0.01649 0.02509 0.02887 0.02509 0.01649 0.00819
0.00407 0.00819 0.01246 0.01433 0.01246 0.00819 0.00407
