CONV NORM
0.00769 0.01198 0.01563 0.01708 0.01563 0.01198 0.00769
0.01198 0.01867 0.02436 0.02662 0.02436 0.01867 0.01198
0.01563 0.02436 0.03179 0.03474 0.03179 0.02436 0.01563
0.01708 0.02662 0.03474 0.03796 0.03474 0.02662 0.01708
0.01563 0.02436 0.03179 0.03474 0.03179 0.02436 0.01563
0.01198 0.01867 0.02436 0.02662 0.02436 0.01867 0.01198
0.00769 0.01198 0.01563 0.01708 0.01563 0.01198 0.00769
